#FIG 3.2  Produced by xfig version 3.2.5-alpha5
Landscape
Center
Metric
A4      
100.00
Single
-2
1200 2
1 2 0 1 0 7 50 -1 -1 0.000 1 0.0000 3060 3060 90 270 3150 2790 2970 3330
1 2 0 1 0 7 50 -1 -1 0.000 1 0.0000 4500 3060 90 270 4590 2790 4410 3330
2 1 0 1 0 7 50 -1 -1 0.000 0 0 -1 0 0 2
	 3060 2790 4500 2790
2 1 0 1 0 7 50 -1 -1 0.000 0 0 -1 0 0 2
	 3060 3330 4500 3330
2 1 0 1 0 7 50 -1 -1 0.000 0 0 -1 1 0 2
	0 0 1.00 60.00 120.00
	 4500 2610 3150 2610
4 0 0 50 -1 0 12 0.0000 4 135 2610 3600 2565 sens conventionnel du courant\001
